The following text file was generated by General Temperature Regression.py program written by Jacob Ivanov, Undergraduate Researcher for the University of Connecticut Nanoscale Imaging & Transport Laboratory.
This file lists all parameters for each regression.

Data File: data3.xlsx
Timestamp: 2022-11-01 21:44:50.067824

N = 1 Regression:
a    = +011.685376 ± 0000.756571
b1   = +075.493626 ± 0002.475510
tau1 = +002.452343 ± 0000.156261
R2   = 0.978152

N = 2 Regression:
a    = +009.103305 ± 0002.481574
b1   = +051.000766 ± 0022.487490
tau1 = +001.449282 ± 0000.531236
b2   = +029.858051 ± 0020.874792
tau2 = +005.597621 ± 0003.831460
R2   = 0.984745

N = 3 Regression:
a    = +060.411990 ± 24156.876028
b1   = +055.631399 ± 0091.216828
tau1 = +001.492072 ± 0001.354736
b2   = -099.999591 ± 1428.008477
tau2 = +049.663425 ± 29540.093977
b3   = +073.980688 ± 24850.220723
tau3 = +013.542325 ± 1622.144761
R2   = 0.985100

N = 4 Regression:
a    = +009.088674 ± 0103.162443
b1   = +016.667072 ± 109533254.274181
tau1 = +005.547298 ± 542742.777596
b2   = +030.538435 ± 114123390.581027
tau2 = +001.451888 ± 50638.243660
b3   = +013.083111 ± 109535149.551445
tau3 = +005.713259 ± 698794.338406
b4   = +020.583247 ± 114124103.590395
tau4 = +001.451644 ± 74641.779970
R2   = 0.984745

N = 5 Regression:
a    = +099.999969 ± 3789495.893548
b1   = +099.100337 ± 1754005.138700
tau1 = +016.821037 ± 68717.626182
b2   = +056.351407 ± 0238.982023
tau2 = +001.502933 ± 0002.756501
b3   = -099.999832 ± 77613722.253800
tau3 = +058.732561 ± 17663387.139499
b4   = -033.149445 ± 48837491.083702
tau4 = +066.543964 ± 77604055.979579
b5   = -032.276828 ± 51323631.988106
tau5 = +067.229561 ± 83303876.765790
R2   = 0.985144

